,songID,arousal,valence
0,Chart_1,0.6002927721437458,0.6128467326943783
1,Chart_2,0.7560868212165192,0.5598746627149568
2,Chart_3,0.4836575365163995,0.6103921587988198
3,Chart_4,0.5280298396239048,0.6350452604262755
4,Chart_5,0.7520612817427283,0.621959066106486
5,Chart_6,0.34759959804360985,0.41294176871713334
6,Chart_7,0.5109578415201849,0.5088790275154272
7,Chart_8,0.276206560752901,0.37833307685549616
8,Chart_9,0.2900837446101787,0.3944740616368079
9,Chart_10,0.13615871978110167,0.35428787222046976
10,Chart_11,0.3252924087192399,0.47628572016788906
11,Chart_12,0.6662041710201921,0.6012663991411564
12,Chart_13,0.6464491185605769,0.5156335384187464
13,Chart_14,0.4695049482833336,0.410603875144017
14,Chart_15,0.6035694343476505,0.6686562866595384
15,Chart_16,0.6595287248578526,0.5971169260759673
16,Chart_17,0.1946222046344423,0.34419924709631455
17,Chart_19,0.8057545145190169,0.8063621889987277
18,Chart_20,0.5298026976993087,0.518791945489609
19,Chart_21,0.29695747242845233,0.4813612944555946
20,Chart_22,0.4739455949422252,0.46053479368582356
21,Chart_23,0.37818233268458257,0.43156815063985066
22,Chart_24,0.6297180601421757,0.5627005524262245
23,Chart_25,0.6437310755140156,0.6061974594528858
24,Chart_26,0.7058354149720014,0.5246366632316914
25,Chart_28,0.6655279505368161,0.5882784577537644
26,Chart_29,0.47221955787276604,0.598236743079958
27,Chart_30,0.5328621916848132,0.4795610876580442
28,Chart_31,0.2429711114243625,0.3921256261978943
29,Chart_32,0.33618326021638617,0.38358030692961015
30,Chart_33,0.36949148134408444,0.4735086861802548
31,Chart_34,0.2192604237011067,0.409885832220326
32,Chart_35,0.2859124669904903,0.25500796082416693
33,Chart_36,0.29735820323935563,0.3765980213027662
34,Chart_37,0.5234190947296236,0.5260082310447003
35,Chart_38,0.5405343017184231,0.533537056117056
36,Chart_39,0.3043272378717295,0.5042678927510376
37,Chart_40,0.26231587701985337,0.30919018256974967
38,Chart_41,0.8135971505861938,0.7244592786810503
39,Chart_43,0.30879976882555593,0.4413036524909085
40,Chart_44,0.13935107299700872,0.41083807382318105
41,Chart_45,0.5724335716943403,0.6140429065454477
42,Chart_46,0.633115335362729,0.6254317144579575
43,Chart_47,0.6725060651876671,0.5992894413650203
44,Chart_48,0.45848478808579596,0.5839630859002383
45,Chart_51,0.39766892516809654,0.41472011104875606
46,Chart_54,0.33935878356308186,0.4875676549312
47,Chart_55,0.723014151937336,0.6077966868607806
48,Chart_57,0.6785296511387999,0.6816695489142552
49,Chart_58,0.3898534694360854,0.4813725026593611
50,Chart_59,0.7491231568975429,0.7060501556312624
51,Chart_60,0.20864408707297155,0.3468544006195062
52,Chart_61,0.5752006549704787,0.6388888134303926
53,Chart_62,0.4778263195127601,0.5280086132983997
54,Chart_64,0.2887681263407814,0.34246266831114097
55,Chart_65,0.3249535618514096,0.3000352366858902
56,Chart_66,0.22138340052977126,0.3789601990447605
57,Chart_67,0.17504803788212722,0.3186506008746039
58,Chart_68,0.6258045286548368,0.5037107064740334
59,Chart_71,0.5707776637823756,0.3439122917803496
60,Chart_72,0.6005922106297046,0.7256225215816017
61,Chart_73,0.5554121864824346,0.5328803316330393
62,Chart_74,0.10600800119552548,0.339278861583928
63,Chart_76,0.37087794168107957,0.5146811798328121
64,Chart_77,0.4994343340722261,0.5768357467647294
65,Chart_78,0.5078027155741057,0.5842216819419284
66,Chart_79,0.39619975126478096,0.43605867327096404
67,Chart_80,0.37101101370325873,0.4780280258842501
68,Chart_81,0.30098520665929374,0.36216748123028525
69,Chart_83,0.7097996293478177,0.7466596678096157
70,Chart_85,0.6355683571318403,0.6208891989870362
71,Chart_86,0.3227140411498442,0.4447494292576743
72,Chart_87,0.4713902371510317,0.4521441493203941
73,Chart_90,0.5065023188405944,0.5478054245767074
74,Chart_91,0.48301372619629795,0.3669857665088491
75,Chart_92,0.6474466951809577,0.5204989561098294
76,Chart_93,0.45045512908227237,0.7176934821722518
77,Chart_94,0.32571970676958556,0.35246354685239767
78,Chart_95,0.6150527633848879,0.5777418689319579
79,Chart_96,0.5081405674203833,0.43315485016606536
80,Chart_97,0.7214902370617917,0.6672991183223205
81,Chart_98,0.22879308029428921,0.38208051785660807
82,Chart_102,0.5872606165252556,0.5922974062276296
83,Chart_103,0.4951238381798471,0.7026412395112178
84,Chart_105,0.6877370239280346,0.6544635505869859
85,Chart_106,0.5912387682487458,0.6005833789966856
86,Chart_107,0.3939308264228463,0.44620641803474503
87,Chart_108,0.8583593354912505,0.594160658274713
88,Chart_109,0.5920307245006391,0.5927584557545728
89,Chart_110,0.7548262196430495,0.5903970038571867
90,Chart_111,0.14377093314849454,0.2993882094713281
91,Chart_113,0.6190631066060983,0.5681506314881506
92,Chart_114,0.6742151210322934,0.7338961020804634
93,Chart_115,0.21566951220539696,0.3176379084949175
94,Chart_116,0.27115149947868705,0.4903055586493229
95,Chart_117,0.7361737453296896,0.6779494508009557
96,Chart_118,0.4047314700794827,0.3872770159197799
97,Chart_120,0.5772044966290281,0.5571274795701161
98,Chart_121,0.5076507315213977,0.5186402266882869
99,Chart_122,0.5072353713831941,0.5881626843920197
100,Chart_123,0.3074051351762319,0.33832221992744643
101,Chart_124,0.5051650333441287,0.42765914911798475
102,Chart_125,0.7862557563518795,0.6788700595993101
103,Chart_128,0.23475226777396524,0.38669900713985855
104,Chart_129,0.5605809554404118,0.6120112521672003
105,Chart_130,0.24859915901761298,0.5305695265547954
106,Chart_131,0.7413019947862421,0.5969976666718575
107,Chart_132,0.30706875825229313,0.4251684512140313
108,Chart_133,0.7926849513902707,0.6376921943564059
109,Chart_134,0.4865912584848473,0.5895444507151653
110,Chart_135,0.21638347382527218,0.4262503719762382
111,Chart_139,0.698359896511633,0.4483055969094118
112,Chart_140,0.24035965296269296,0.362696378139622
113,Chart_141,0.6790342647363274,0.6365175150114109
114,Chart_142,0.7332323418871985,0.6405458149584526
115,Chart_143,0.6212438618905762,0.412783882224126
116,Chart_144,0.6153271086888231,0.6181118067195879
117,Chart_145,0.11654284745727536,0.2867973368839019
118,Chart_146,0.6315907507109245,0.6704530136008916
119,Chart_147,0.4029223978621196,0.469344922400999
120,Chart_150,0.42007099420501964,0.6132546542907731
121,Chart_151,0.6122543933148348,0.5901056816176352
122,Chart_153,0.675329635916197,0.5393894200503301
123,Chart_154,0.5797747201469778,0.40594347053356683
124,Chart_155,0.7356807576930492,0.660073712723121
125,Chart_156,0.5541251664180921,0.4352313116948976
126,Chart_157,0.686868925141533,0.5705778297503782
127,Chart_158,0.6912404961933751,0.6632353389226306
128,Chart_160,0.695592562424298,0.6007533665218547
129,Chart_162,0.7459359007166659,0.6933351047338758
130,Chart_163,0.7518733889162952,0.7045166330463021
131,Chart_164,0.787934223721531,0.5903271862270303
132,Chart_165,0.7749357653316699,0.5499835956231642
133,Chart_166,0.30985338608983753,0.48315469318972987
134,Chart_167,0.6007377749297041,0.5967672143710703
135,Chart_168,0.21276453236515963,0.47751982969320567
136,Chart_170,0.5375898799924481,0.45283624294067554
137,Chart_171,0.7080439911631488,0.6875750117027564
138,Chart_172,0.2107579452073203,0.3104649492868748
139,Chart_173,0.22224465057071408,0.30369188023684995
140,Chart_174,0.6916678075178626,0.6403137455786387
141,Chart_175,0.5258136227177892,0.32929623675593306
142,Chart_176,0.3436943517742386,0.5454766634224255
143,Chart_177,0.8521615247952626,0.4826623825839332
144,Chart_178,0.4307072953347413,0.5050059282554592
145,Chart_179,0.40843977739152576,0.6427067292829616
146,Chart_180,0.3462054455821131,0.4106832287544468
147,Chart_181,0.6002379046694689,0.5224360198760134
148,Chart_182,0.6148086438684206,0.6532281275365819
149,Chart_184,0.530534820616893,0.5651950283527909
150,Chart_185,0.5980359857298209,0.525146431162996
151,Chart_186,0.35435923981049317,0.5471224694683013
152,Chart_187,0.3193751340467039,0.5300233704791522
153,Chart_188,0.7682190507698952,0.6937606322043088
154,Chart_189,0.6984485460413901,0.6531464324440456
155,Chart_192,0.5625411662375029,0.5297861870761057
156,Chart_193,0.30388385417864583,0.3073013414338412
157,Chart_194,0.4280527980358723,0.46703773077123384
158,Chart_195,0.3219651749105026,0.40117340503261745
159,Chart_196,0.6789796876638056,0.6087440686229647
160,Chart_198,0.3566741563568724,0.5108329818898077
161,Chart_199,0.5651730322486502,0.5691773411178593
162,Chart_200,0.41146899854627905,0.44105025743786463
163,Chart_201,0.8401319334162051,0.6431467954649432
164,Chart_202,0.5642893214067152,0.6157038612708757
165,Chart_204,0.468738826545381,0.5634573514709086
166,Chart_205,0.6870800068743014,0.712849468313088
167,Chart_206,0.24468091369848344,0.3984286472116172
168,Chart_207,0.5253885168025265,0.4103581248356171
169,Chart_209,0.8145001293579096,0.8220386864390191
170,Chart_210,0.5304109331701138,0.5130482065933157
171,Chart_211,0.8405353255821992,0.6424238362916473
172,Chart_212,0.2406660413798947,0.3670381835594735
173,Chart_213,0.785902551067166,0.6546717570803767
174,Chart_214,0.3557771948416203,0.3027739799864173
175,Chart_216,0.10351446938571018,0.4747309813618045
176,Chart_217,0.6542585264357498,0.6927755723222218
177,Chart_218,0.6192860888832786,0.5936624477910191
178,Chart_219,0.2969371936813344,0.4307569895106442
179,Chart_220,0.46699261131551856,0.6418931167431042
180,Chart_221,0.8158153718070332,0.7223791121772766
181,Chart_222,0.45878975645554304,0.5051776842923097
182,Chart_223,0.37787486221337463,0.39166955496447786
183,Chart_224,0.7161848829291875,0.6491059848130877
184,Chart_225,0.5310592115509473,0.4069701668133679
185,Chart_226,0.32134319034144476,0.4261306878248083
186,Chart_227,0.7364798173702961,0.7402626016644085
187,Chart_228,0.8540513650184911,0.5067220932197838
188,Chart_229,0.6472592167243313,0.6590583403371839
189,Chart_232,0.19216740671797727,0.43404006095962294
190,Chart_233,0.4276612631103012,0.4589192576122799
191,Chart_235,0.27436373342865067,0.38494902319972735
192,Chart_236,0.20045514637427703,0.3691465523384299
193,Chart_237,0.5533823606918021,0.4779191676057683
194,Chart_239,0.2854345464425326,0.5205041640556657
195,Chart_240,0.47896244944636396,0.36052836860611065
196,Chart_241,0.3056039330532113,0.36314244234788967
197,Chart_242,0.5521464724785835,0.6214957095003867
198,Chart_243,0.4102708090011943,0.6062941047861452
199,Chart_245,0.6605238992083186,0.517661988020983
200,Chart_246,0.19765478809625048,0.35128381542318887
201,Chart_249,0.4869795069019153,0.4586048042920454
202,Chart_250,0.2819531578606958,0.47736849036231555
203,Chart_252,0.6658015831429951,0.6673908229923791
204,Chart_253,0.6203498490869076,0.586864005077517
205,Chart_254,0.24598986090648248,0.32923642127309466
206,Chart_255,0.17352198487685586,0.3006668212796083
207,Chart_256,0.32052285013269516,0.3478021580830153
208,Chart_257,0.4965727644300248,0.6280657726854428
209,Chart_258,0.47808945424465055,0.43037916061738557
210,Chart_260,0.23383159987421004,0.42278359096693147
211,Chart_261,0.7491551299213066,0.5120682045750704
212,Chart_262,0.14920459310654885,0.34629919604061776
213,Chart_263,0.5313375113606876,0.47904674298624983
214,Chart_265,0.5009418185541838,0.40458626778416285
215,Chart_266,0.548693839007738,0.58169168564939
216,Chart_267,0.6410916774706327,0.6647121500713556
217,Chart_268,0.642494006815372,0.513508985711175
218,Chart_270,0.3841115784378314,0.39058075045695656
219,Chart_271,0.27599489412472206,0.4458008722846016
220,Chart_272,0.44077346981754106,0.48452723767842715
221,Chart_273,0.495269424199863,0.5421529629689804
222,Chart_275,0.2728541150202918,0.28473132666140555
223,Chart_276,0.32565647484954763,0.47736835482364354
224,Chart_277,0.21438379126705315,0.3093786085864832
225,Chart_280,0.7018962352202631,0.7196234776050164
226,Chart_281,0.516662013064237,0.5145122680361083
227,Chart_283,0.14329842548925903,0.3514625988233338
228,Chart_284,0.6897668883487754,0.6545694289659801
229,Chart_286,0.49462344944663006,0.6501672384200639
230,Chart_287,0.6129503127170395,0.5456500073820663
231,Chart_288,0.12583087091784745,0.4691048621722282
232,Chart_289,0.2487538423605034,0.44486485354938526
233,Chart_290,0.18851033995963284,0.4384244023547005
234,Chart_291,0.17020323370040363,0.30144519622013677
235,Chart_292,0.4886057918014083,0.6191311654225237
236,Chart_293,0.2118723369974172,0.38636071579585735
237,Chart_294,0.4739747939487863,0.44682610474807843
238,Chart_295,0.6142262865546708,0.6957081773962366
239,Chart_296,0.5925411377056643,0.4299794504807518
240,Chart_298,0.19575521212035082,0.33771981064961515
241,Chart_299,0.4755756973249476,0.5408094834659943
242,Chart_300,0.35850292559012004,0.5293787403075169
243,Chart_301,0.8205784437287975,0.6415588581836571
244,Chart_303,0.6964363596662232,0.719013789593996
245,Chart_304,0.8095916144230951,0.7227195836908543
246,Chart_305,0.28394607737653904,0.41769148323706506
247,Chart_306,0.5800436745811063,0.6302457897593936
248,Chart_309,0.440338580326421,0.5991927822991093
249,Chart_310,0.6501147838608613,0.5803785019347213
250,Chart_311,0.6984858007859271,0.5664485337088331
251,Chart_312,0.7706042022168982,0.666632442828855
252,Chart_314,0.49574064615514757,0.4980639349936267
253,Chart_315,0.7599480742521314,0.5786411922351771
254,Chart_316,0.7438904546475213,0.6546065498010676
255,Chart_318,0.5221061443223671,0.4696271946871076
256,Chart_320,0.3356085196022078,0.42759637478401674
257,Chart_322,0.7912142447887535,0.6693987716425487
258,Chart_323,0.6832583021449972,0.6140659991042253
259,Chart_324,0.523355847317687,0.6173553710073942
260,Chart_325,0.47999272047969843,0.5651632945392105
261,Chart_326,0.6292417748315213,0.6014841815808767
262,Chart_327,0.5852388696070844,0.6210627162307415
263,Chart_328,0.4675220002241313,0.5475158641644631
264,Chart_329,0.4246038981505745,0.5257361008316638
265,Chart_331,0.4872959035444184,0.6655951735160154
266,Chart_332,0.15665483597671395,0.3923047525800454
267,Chart_333,0.5305281531290419,0.37941406617710427
268,Chart_334,0.2735070424553164,0.3373188879206594
269,Chart_335,0.5972307456825297,0.6297855831113985
270,Chart_336,0.6653384338275478,0.6125282232960825
271,Chart_337,0.2815710646325083,0.32520170000376264
272,Chart_338,0.37780461219405576,0.550593185428779
273,Chart_339,0.4506781723702229,0.47389876302042405
274,Chart_340,0.38447456099011024,0.5912590041088928
275,Chart_341,0.8097843058870324,0.6445404555264977
276,Chart_342,0.3497676243056489,0.411652609377771
277,Chart_343,0.7804272964286215,0.7510844979262298
278,Chart_344,0.19001753598927135,0.4214032536952309
279,Chart_345,0.6094023921126291,0.5967669895848995
280,Chart_346,0.7239785056714825,0.6056009448421507
281,Chart_348,0.2981896507551471,0.4087233033929465
282,Chart_349,0.268311424943727,0.4914220819842743
283,Chart_350,0.37971026939016445,0.5127685304060924
284,Chart_351,0.3318881724742765,0.418639755308258
285,Chart_352,0.8542055748468927,0.7232179673963298
286,Chart_353,0.13513925344766745,0.4089120677569118
287,Chart_354,0.6385000016366263,0.7079813341383139
288,Chart_355,0.5003485794661748,0.6973584247622716
289,Chart_356,0.4455308658959176,0.3799663754656098
290,Chart_357,0.4150710398806797,0.4718042747519393
291,Chart_358,0.41738120044030486,0.6398303785970757
292,Chart_359,0.18618908417211488,0.40764090399969366
293,Chart_360,0.6164508295210098,0.6338211922201175
294,Chart_361,0.26279285780451844,0.37156172876989085
295,Chart_362,0.3168250229382711,0.3307696431159121
296,Chart_363,0.549231653850442,0.5860153005207975
297,Chart_364,0.47532159218147085,0.4087146060342032
298,Chart_366,0.20113581339444705,0.28007228585864724
299,Chart_367,0.8016866456188941,0.6655106580319027
300,Chart_368,0.5632262319597413,0.44277167869650397
301,Chart_369,0.24953747912267896,0.4243212316416451
302,Chart_370,0.3633799546978218,0.4148102683438752
303,Chart_371,0.4281507675560742,0.46268829191183897
304,Chart_374,0.24202981135662488,0.40963910855122665
305,Chart_376,0.7387990122789204,0.6069995912375251
306,Chart_377,0.3157013000603567,0.32858266224517296
307,Chart_378,0.6967517907202642,0.7343225281567599
308,Chart_379,0.6149593816352528,0.4479949323205985
309,Chart_380,0.5769354775787826,0.5564675911101573
310,Chart_381,0.5641475373061751,0.5421600886009491
311,Chart_382,0.37816820958623526,0.500124644858302
312,Chart_383,0.5311192346192593,0.6296041296286293
313,Chart_384,0.7653806875677832,0.5986083894715682
314,Chart_385,0.34834367919027415,0.40411856146498687
315,Chart_386,0.8262848284299644,0.7349444119588108
316,Chart_387,0.5201531882663437,0.5808547838025915
317,Chart_388,0.5076089627992386,0.38879650761616047
318,Chart_389,0.5214147567813082,0.5787918207698849
319,Chart_390,0.32393366795098566,0.33234211151913057
320,Chart_391,0.5079393999766582,0.553659325017799
321,Chart_392,0.6543315394821375,0.6940907629251901
322,Chart_393,0.6123252172662258,0.6260694695401174
323,Chart_394,0.3285205132743243,0.4690185695254799
324,Chart_395,0.5257112054006158,0.6859101818641973
325,Chart_396,0.5597282383378676,0.6025271969073214
326,Chart_397,0.30966175553209085,0.3945247265601162
327,Chart_398,0.6168554399683941,0.5846872069369152
328,Chart_399,0.5731954356653084,0.4704861953632868
329,Chart_400,0.5463634575458048,0.5887989716184083
330,Chart_401,0.34089954195937466,0.42100948536075944
331,Chart_402,0.2669471213771484,0.4254075344635707
332,Chart_403,0.27532625542573586,0.5055621198160755
333,Chart_404,0.3871218631559566,0.6138037359632523
334,Chart_405,0.3104249630798799,0.403884566707041
335,Chart_406,0.5355110036734354,0.523965858401757
336,Chart_408,0.5261568697486235,0.5591963707206958
337,Chart_409,0.28246062359397156,0.42151899196758164
338,Chart_410,0.8213899012033591,0.6235272493499573
339,Chart_411,0.8935694742847352,0.7632502197189291
340,Chart_412,0.24216415737631267,0.3149754542709032
341,Chart_413,0.28913784372785306,0.3126890644341406
342,Chart_416,0.4569325767152566,0.563806915298695
343,Chart_419,0.6921448957903895,0.5355828995727643
344,Chart_420,0.5551339631897824,0.5574871932826453
345,Chart_421,0.511734180672832,0.5478516275186105
346,Chart_422,0.8011355404008931,0.5814917519030961
347,Chart_423,0.7236086553149375,0.7136314847576373
348,Chart_425,0.6319292150582512,0.7721321862227074
349,Chart_426,0.2975712730460532,0.4717069316584523
350,Chart_427,0.8492877419772095,0.8199277942934406
351,Chart_428,0.3699833654662492,0.3914614807909186
352,Chart_429,0.44348739729418646,0.5228448597162241
353,Chart_430,0.6047460005642951,0.583454284427758
354,Chart_433,0.7918065281212898,0.8096684648157663
355,Chart_435,0.2050309859596841,0.4039052397493998
356,Chart_436,0.3447254783121307,0.5367068612857481
357,Chart_437,0.7190735013202088,0.6276993155056327
358,Chart_439,0.35116305520887425,0.3664424352608817
359,Chart_440,0.6779473507705199,0.7434463718259499
360,Chart_441,0.36916202936795395,0.5473430429616482
361,Chart_442,0.26322890992128867,0.3006015144756166
362,Chart_443,0.3581787220772845,0.4358522014398942
363,Chart_444,0.1930807923946185,0.42359781922970174
364,Chart_445,0.29530674710196464,0.31013767816807825
365,Chart_447,0.3879330046534176,0.4187222206451231
366,Chart_448,0.22475047573534615,0.39247192686005483
367,Chart_449,0.33545084796416524,0.38432998360605997
368,Chart_450,0.6536010958668241,0.7323384418840222
369,Chart_451,0.5379404986150702,0.4850793945756729
370,Chart_452,0.3603748373902711,0.5544567174606547
371,Chart_453,0.7340507258614694,0.6939993594763411
372,Chart_455,0.29199452585286334,0.4261378995666743
373,Chart_456,0.8204707134250544,0.6730573206129898
374,Chart_457,0.6410123474056143,0.6542998314919294
375,Chart_458,0.7156681610088351,0.7206526391839316
376,Chart_459,0.8851933588129512,0.8332590266633856
377,Chart_460,0.3760064133654672,0.4311304120076115
378,Chart_461,0.4418030758638932,0.5613435322767357
379,Chart_462,0.5136637220753302,0.44551568177318607
380,Chart_463,0.5257580926723112,0.6063832809339437
381,Chart_465,0.7547060977082558,0.6803906289857029
382,Chart_467,0.5704752655095245,0.5576252889934267
383,Chart_468,0.5375692902444899,0.5322644799192354
384,Chart_470,0.5844160037891442,0.7491335745718938
385,Chart_471,0.7302262017592004,0.5951696799024879
386,Chart_472,0.6836253769381755,0.613207354840827
387,Chart_473,0.246019235961275,0.38469313121053217
388,Chart_474,0.42300225223283694,0.5541482958481893
389,Chart_475,0.47666001110682354,0.44770037937330387
390,Chart_476,0.7120966208303973,0.7481833343504741
391,Chart_478,0.5419078298238202,0.49504028481375806
392,Chart_479,0.4263077624439786,0.46843237235220453
393,Chart_481,0.4540129797057751,0.5337782149608437
394,Chart_482,0.5580341418333917,0.6500406829376935
395,Chart_484,0.7802917298854065,0.6894507919117225
396,Chart_486,0.19210144563354625,0.34382694804710284
397,Chart_487,0.357927743510354,0.5894026211103419
398,Chart_488,0.376756073328016,0.5575445914016559
399,Chart_489,0.2063811017688929,0.34864980831436276
400,Chart_490,0.33199314026727694,0.5201289813402973
401,Chart_491,0.36954502540243095,0.3272864401389773
402,Chart_492,0.28061265617020187,0.35600077122135687
403,Chart_493,0.6420005129461508,0.5587501815610225
404,Chart_495,0.5885907072260739,0.6035722521863367
405,Chart_496,0.5576142402875429,0.4619520814772737
406,Chart_497,0.7968095654844634,0.6448251646523865
407,Chart_499,0.46350095195458696,0.5477032392523409
408,Chart_501,0.24223092544774014,0.378075444758154
409,Chart_502,0.6651294202035635,0.5465488450531607
410,Chart_503,0.41773290452312944,0.3546686454432927
411,Chart_504,0.7136018909651058,0.6402386344440947
412,Chart_505,0.9641566241214962,0.7562583808719539
413,Chart_507,0.7761276594924904,0.67543919540219
414,Chart_508,0.5847833557202557,0.553000524262413
415,Chart_509,0.7126087849410936,0.679163185641941
416,Chart_510,0.6565916681948014,0.7890945250498911
417,Chart_511,0.6151931858705771,0.6694722509095368
418,Chart_512,0.801202576824531,0.7504541012056917
419,Chart_513,0.4947424201230015,0.5274961303712689
420,Chart_516,0.17688977484180535,0.40527235676922396
421,Chart_517,0.4670861014362938,0.5965314295213113
422,Chart_518,0.3144644595496393,0.38654685913085174
423,Chart_519,0.49963056369977393,0.5133987455706244
424,Chart_521,0.592637396298721,0.6408716263543728
425,Chart_522,0.2652430210862515,0.3937477109404071
426,Chart_523,0.818892645747676,0.7157404600334489
427,Chart_524,0.2463691666357529,0.40887511849666
428,Chart_526,0.37816820958623526,0.500124644858302
429,Chart_527,0.5893219254277606,0.6288326495030906
430,Chart_528,0.9818039018735705,0.7300949775568529
431,Chart_529,0.6571291960526756,0.5780826250579323
432,Chart_530,0.5161202046679046,0.539966903879087
433,Chart_531,0.2811059163999038,0.3453646034463921
434,Chart_532,0.13569202628672666,0.36684225269848547
435,Chart_534,0.4774708424111187,0.7192606198179687
436,Chart_536,0.3906043234818222,0.5217697240080051
437,Chart_537,0.6059669951387483,0.5016547596709514
438,Chart_538,0.23880904713238174,0.28868428324688117
439,Chart_539,0.5058931853945124,0.5492851315309653
440,Chart_540,0.4730911308196067,0.3962802804569128
441,Chart_543,0.3756940818727524,0.465370070316497
442,Chart_544,0.4304858574165608,0.4814662399489186
443,Chart_545,0.6091202315131745,0.5064480223789616
444,Chart_546,0.7060402803690451,0.6687419176463066
445,Chart_547,0.38177874393435496,0.44222374683518717
446,Chart_548,0.6493382552584993,0.4897639830459671
447,Chart_549,0.8184466905882106,0.5892480762506039
448,Chart_550,0.6465562786669539,0.550161897588145
449,Chart_551,0.6674456985747605,0.6299742103405839
450,Chart_552,0.5286004594496291,0.6130744050573514
451,Chart_554,0.21261711650378318,0.30996413892800917
452,Chart_555,0.526200921106644,0.5826110292155949
453,Chart_556,0.1792122344039609,0.4417164687922968
454,Chart_557,0.3982546106110639,0.5292236157052789
455,Chart_559,0.49477642312132575,0.507224369777546
456,Chart_561,0.4434126451849737,0.47721433244365086
457,Chart_564,0.501288960822253,0.6379995498235704
458,Chart_565,0.5690927194200354,0.6287735835890442
459,Chart_566,0.3830582148442071,0.5924668776185181
460,Chart_568,0.2993530236875465,0.484716483145968
461,Chart_569,0.34690640002467504,0.347773401269105
462,Chart_570,0.5157729814375714,0.49292032692202564
463,Chart_572,0.4536226901674461,0.49746414464284244
464,Chart_573,0.8294645710886916,0.7704276428772675
465,Chart_574,0.33478231334142955,0.5035898839133931
466,Chart_575,0.4537776689598328,0.430481032507522
467,Chart_576,0.47319106400701694,0.4482054813634644
468,Chart_577,0.5761776414490867,0.6176709340124639
469,Chart_578,0.7483339583863838,0.706591896299871
470,Chart_580,0.7155961663868687,0.7165142596898136
471,Chart_581,0.44010681713881383,0.3607215665210585
472,Chart_582,0.6135668291267653,0.4238479246105071
473,Chart_584,0.8216623210289332,0.6285338728945721
474,Chart_585,0.884516231719857,0.7187572412766287
475,Chart_586,0.524377307490296,0.6493695553549352
476,Chart_590,0.6704565407093711,0.6198371950347488
477,Chart_591,0.6185132003266937,0.575848905949291
478,Chart_592,0.4513848797189129,0.6513890556681238
479,Chart_593,0.295408502374834,0.38543041196319294
480,Chart_596,0.6257991042674655,0.6872581115245477
481,Chart_598,0.5630267992280595,0.5069077336859206
482,Chart_600,0.6328168974761978,0.668223214786089
483,Chart_602,0.4911557301146866,0.6572563978628184
484,Chart_604,0.3616015241518482,0.3443282616392953
485,Chart_605,0.46106346949323046,0.44197894980703234
486,Chart_606,0.6258285013867444,0.6189459230790022
487,Chart_607,0.6827918464266116,0.6563917598820476
488,Chart_608,0.6869656356532594,0.6238996932695045
489,Chart_609,0.47111507849893564,0.6117400719042072
490,Chart_612,0.6453605769750427,0.6065408465873184
491,Chart_613,0.3578135642178358,0.5307843916005381
492,Chart_614,0.3645425130724558,0.45484814067629636
493,Chart_615,0.5384052431057762,0.630550214380719
494,Chart_616,0.4443439544091427,0.6363684227464403
495,Chart_617,0.5286304582797893,0.5570111787642733
496,Chart_619,0.8262616771161447,0.7360742225028061
497,Chart_620,0.517703852270961,0.453135229695122
498,Chart_622,0.6172544853890278,0.5159920061076629
499,Chart_624,0.5315602283063068,0.6250953739863127
500,Chart_625,0.3934492973194969,0.5219122376667588
501,Chart_626,0.5589829190972854,0.49868169086543956
502,Chart_627,0.7763205479872026,0.5145876137506319
503,Chart_628,0.7150980852760761,0.6417761108455252
504,Chart_629,0.3376173071900514,0.44524292651740943
505,Chart_631,0.4672509655774056,0.3766025342978687
506,Chart_632,0.1454105342186406,0.3305374724922272
507,Chart_633,0.714811060669644,0.6553749285563597
508,Chart_634,0.2928463071985833,0.47558820465683266
509,Chart_635,0.6201260717100862,0.5940812158499417
510,Chart_636,0.35184924903529247,0.41832136670325
511,Chart_640,0.2040393182997323,0.43081015840356407
512,Chart_642,0.6041593436134756,0.5523210891949145
513,Chart_643,0.4578045696237827,0.492687426445405
514,Chart_644,0.5162024013652314,0.4425260306220157
515,Chart_645,0.3833461652201476,0.5226099897869992
516,Chart_647,0.5392579698337885,0.7661164226994989
517,Chart_648,0.945809630743145,0.8067491727906672
518,Chart_649,0.2508055218360407,0.3647063561043166
519,Chart_650,0.5765450003704268,0.5444355093813364
520,Chart_653,0.6629857766620103,0.49050246203651426
521,Chart_654,0.4271178363609401,0.4098457820458716
522,Chart_655,0.551009131838095,0.5553430665407952
523,Chart_656,0.42383322068848467,0.3691624560404242
524,Chart_657,0.5614034678187068,0.5784837881187849
525,Chart_659,0.2679229078318469,0.3975840055442539
526,Chart_660,0.32291470539113865,0.4967003018517536
527,Chart_661,0.14913745003054132,0.2803288201457232
528,Chart_662,0.7733388318510545,0.5276249541833001
529,Chart_663,0.4198052429388177,0.516838674399541
530,Chart_664,0.603175477976962,0.5628951503459799
531,Chart_666,0.4564013505863553,0.5612903560833571
532,Chart_667,0.781097897993223,0.532441629346787
533,Chart_668,0.5495992457667807,0.6142005199125179
534,Chart_669,0.3775356995934582,0.46232943994864845
535,Chart_671,0.5222437807457704,0.5768099179965954
536,Chart_673,0.6377984963495166,0.5335384147905535
537,Chart_674,0.23055802778522883,0.35243048981189823
538,Chart_675,0.3668473899254086,0.4537569095547101
539,Chart_676,0.4863957678605001,0.4746440688245865
540,Chart_677,0.3425479405286838,0.4451053127130471
541,Chart_680,0.39536723950283026,0.4406697031422725
542,Chart_681,0.6229158055846964,0.5550250832935352
543,Chart_682,0.611017017673901,0.5131978174953679
544,Chart_683,0.5855351824934154,0.46783595801683286
545,Chart_684,0.683053903023181,0.6056678414294332
546,Chart_685,0.17098193916896948,0.36638735488096597
547,Chart_686,0.40684211362201445,0.45976091275935593
548,Chart_687,0.5735964816830561,0.5206273380286952
549,Chart_688,0.5983154887007384,0.5777675426723394
550,Chart_690,0.623805252659938,0.6206117411991313
551,Chart_691,0.5472184289850205,0.47708466521113807
552,Chart_692,0.3962223076141816,0.47665974680191314
553,Chart_693,0.8183293525891501,0.7907589137899892
554,Chart_694,0.5693175668192477,0.6555646573465183
555,Chart_695,0.16318729592122938,0.2591730665712126
556,Chart_696,0.7165385003276727,0.6468063429453774
557,Chart_697,0.5445518495825029,0.526353113984326
558,Chart_698,0.22295630743586967,0.34575417115080437
559,Chart_699,0.312756050401629,0.49146250641155204
560,Chart_701,0.4108843131046113,0.5143732134525301
561,Chart_702,0.16883030639619745,0.18075033462707527
562,Chart_703,0.5942431757568173,0.6527333737899089
563,Chart_704,0.6982857000736603,0.6868942777809373
564,Chart_708,0.5922192318813047,0.4364738041134701
565,Chart_711,0.20534517641212938,0.36080913297576
566,Chart_712,0.3663065053700452,0.5001117544477803
567,Chart_715,0.35682570302263383,0.45162530656729133
568,Chart_718,0.6149412014039013,0.507070212034014
569,Chart_719,0.7344016866859301,0.7011226008616918
570,Chart_720,0.45010857664674786,0.4403515323582958
571,Chart_721,0.6312111080368183,0.60680006877721
572,Chart_722,0.39270081253925376,0.5356349999564298
573,Chart_724,0.8530378048599977,0.6927233220042922
574,Chart_725,0.34589157251973285,0.4641167640698144
575,Chart_726,0.1559668323452841,0.4139174647706827
576,Chart_727,0.16527648946013168,0.3065153242005628
577,Chart_729,0.22015870344589517,0.2898200830195079
578,Chart_730,0.3742439236031362,0.5339002359825502
579,Chart_731,0.5484664361468201,0.5536755882614944
580,Chart_732,0.3341598098628952,0.2991623478192592
581,Chart_734,0.48335669319827546,0.5163983489970377
582,Chart_735,0.8185103308392581,0.7170053983526714
583,Chart_736,0.17412918952637696,0.32499674705354714
584,Chart_737,0.6644256965070341,0.6535417686038005
585,Chart_738,0.5063424502033268,0.6970984678370152
586,Chart_739,0.5472184289850205,0.47708466521113807
587,Chart_740,0.5093713225326623,0.5737250557289608
588,Chart_741,0.42911230840944875,0.39310251397997104
589,Chart_743,0.687526409812908,0.5350179396791908
590,Chart_745,0.7820141507663173,0.512664426266587
591,Chart_747,0.2851855618964066,0.4732438021549558
592,Chart_748,0.8439480488759528,0.8049387372775669
593,Chart_749,0.5032912689288702,0.5037690884011546
594,Chart_750,0.6231085546752593,0.5290870472899198
595,Chart_751,0.4531778679665758,0.40672394546091356
596,Chart_752,0.4413191070839,0.48551872003928404
597,Chart_753,0.21855935360178483,0.41037949835300097
598,Chart_755,0.4955493475262759,0.48971843811332194
599,Chart_757,0.17042840896965547,0.3010841784027962
600,Chart_758,0.46770847230899715,0.360201125391508
601,Chart_760,0.39824742265724594,0.5462479637557476
602,Chart_761,0.22537804554344174,0.35548224561708386
603,Chart_762,0.5927886870047454,0.5537850078955144
604,Chart_763,0.47117412711749934,0.45685650062719496
605,Chart_765,0.3049695957648901,0.4837966344412739
606,Chart_766,0.6491117083905231,0.6411432803535848
607,Chart_767,0.3992928288072291,0.49370291837377894
608,Chart_769,0.6366321211937948,0.6539337612436228
609,Chart_770,0.556262011105998,0.5499977634444919
610,Chart_771,0.32281241846789555,0.3131405608695904
611,Chart_772,0.538686170928663,0.6079218493792283
612,Chart_775,0.7301528044783893,0.6901559485733926
613,Chart_777,0.5181659810763295,0.618425345781361
614,Chart_779,0.30636003539598566,0.3375577141606407
615,Chart_783,0.42754645585328765,0.48155300008995666
616,Chart_784,0.7524775702783033,0.7587454033657393
617,Chart_785,0.3661687380375428,0.38964685236350255
618,Chart_786,0.6903065160256411,0.6956929366229551
619,Chart_787,0.6799750027602617,0.7050528286061372
620,Chart_788,0.7878636279199378,0.6701304988983613
621,Chart_789,0.5739740829477025,0.6051644193694569
622,Chart_791,0.5264174189007036,0.39793698803164074
623,Chart_792,0.478253154899522,0.646547636714415
624,Chart_793,0.4613743910901239,0.43529049893786115
625,Chart_794,0.33618123734419986,0.3892073772439857
626,Chart_795,0.362056928181543,0.42641214450159615
627,Chart_796,0.14514148497809765,0.4193572213926682
628,Chart_799,0.23855380454613964,0.3157988187673222
629,Chart_800,0.2704540777538587,0.38863737078275884
630,Chart_801,0.731108753221487,0.8002690713744746
631,Chart_804,0.6443853334223835,0.6127503165803811
632,Chart_805,0.4503050717038091,0.3655821132422335
633,Chart_806,0.5491510219177934,0.5729234262815156
634,Chart_807,0.7077619158122569,0.6158082679498136
635,Chart_808,0.2323976250529833,0.37373813555748175
636,Chart_809,0.2767125139270556,0.371896365100501
637,Chart_810,0.562119950860978,0.573331108072479
638,Chart_811,0.5200537895713956,0.5889297791484758
639,Chart_814,0.49433605014662674,0.548533217903396
640,Chart_815,0.597997436195494,0.6612289988931027
641,Chart_816,0.19160060815700436,0.30191527959673686
642,Chart_818,0.506591239566002,0.47525528194812494
643,Chart_821,0.23902425482748338,0.42366264510051777
644,Chart_822,0.6302898846106266,0.5982372709614263
645,Chart_823,0.6632617641169967,0.5980899329004169
646,Chart_824,0.7861474531641729,0.5827159019400299
647,Chart_825,0.4330365320380531,0.467390895713713
648,Chart_826,0.47686287401220834,0.52463611761833
649,Chart_827,0.374473371725068,0.5208298871118157
650,Chart_828,0.18476679776765728,0.5531203016130967
651,Chart_829,0.3111530390748047,0.30902085578109156
652,Chart_832,0.5815432188342268,0.6020960928086712
653,Chart_833,0.19175248871836686,0.30708218125624204
654,Chart_834,0.4131474121648364,0.5059665292731382
655,Chart_836,0.34350359351463366,0.3663663242181818
656,Chart_838,0.59357368229091,0.5422554856946974
657,Chart_839,0.2666380871119402,0.2602218939594319
658,Chart_840,0.6768105010851428,0.5666527928395543
659,Chart_843,0.6888113091667782,0.7367242924883408
660,Chart_844,0.7140847353872295,0.6785252379761052
661,Chart_845,0.6451524923725478,0.5383746342948692
662,Chart_846,0.48036291384394264,0.5839274479153849
663,Chart_848,0.6559731916807601,0.6439232049105801
664,Chart_849,0.6743872645978631,0.6549275161784089
665,Chart_850,0.6810893178329311,0.6500002091090548
666,Chart_851,0.22539035067606375,0.4498739764221381
667,Chart_852,0.15750969286436964,0.39728681825874945
668,Chart_853,0.561567936716569,0.6097950772767364
669,Chart_854,0.4230351099739919,0.4343710426703531
670,Chart_855,0.4543166879034374,0.4571769349173863
671,Chart_856,0.5810773873637187,0.5198900821883072
672,Chart_857,0.23090221551727275,0.3625535234162543
673,Chart_858,0.31907561291121644,0.3927211783937748
674,Chart_860,0.6495931320624488,0.6810924651382396
675,Chart_862,0.6245300643771603,0.5688292336433829
676,Chart_863,0.38942005509602745,0.39722542983340625
677,Chart_864,0.38775145305535275,0.518493942366577
678,Chart_866,0.7380866102612113,0.5351473952989075
679,Chart_867,0.4985557656373691,0.6025600641812763
680,Chart_869,0.5168033707676998,0.6744248951105245
681,Chart_870,0.47177562662951766,0.5100690242702007
682,Chart_871,0.22702728630724892,0.3954339012038494
683,Chart_872,0.4617461063169432,0.4420719055477692
684,Chart_873,0.6779352190123613,0.6708064325369155
685,Chart_874,0.6311380775581377,0.6361218034609034
686,Chart_875,0.323565451139322,0.3876174453169678
687,Chart_876,0.16577500243165078,0.32670472698361364
688,Chart_877,0.5543579549023893,0.4335695028714657
689,Chart_878,0.8917957484691059,0.7125466141777241
690,Chart_879,0.20770835774093108,0.45292875990889087
691,Chart_880,0.38855587862853247,0.3403800614130493
692,Chart_881,0.8078828192227224,0.7544416611707491
693,Chart_882,0.23191837408151927,0.21232933915151914
694,Chart_883,0.27771280484251976,0.28001037035467835
695,Chart_884,0.46044771616525615,0.5603043387834366
696,Chart_885,0.4302421672066313,0.5708662194785143
697,Chart_886,0.7717601498916139,0.6085399863682897
698,Chart_887,0.6379521949640488,0.6109826456361488
699,Chart_888,0.4199326096755795,0.3822303750794033
700,Chart_889,0.30382973410381836,0.4586896942033261
701,Chart_890,0.6567298013428611,0.4464936676171881
702,Chart_891,0.7696206115279455,0.6487389504317493
703,Chart_892,0.4595310247769584,0.5049651399453078
704,Chart_893,0.6884652372136604,0.653232934030822
705,Chart_894,0.1971476805727537,0.4017033048169206
706,Chart_895,0.2499929901248127,0.4935493392308364
707,Chart_896,0.7353881343967379,0.6786792516203689
708,Chart_897,0.6606633105754862,0.43342491675676975
709,Chart_900,0.2525394034848961,0.32951132984523535
710,Chart_901,0.7665759657830767,0.7704785325590495
711,Chart_902,0.44939966213955157,0.49235637208929606
712,Chart_903,0.5680959509050101,0.5396597403879443
713,Chart_904,0.8017042620934481,0.6646426299215905
714,Chart_905,0.4823751636941946,0.6133417095240982
715,Chart_906,0.28682482591048264,0.39062910918893534
716,Chart_908,0.6046817197361245,0.6310577672779675
717,Chart_909,0.5954978999882353,0.5625243637166999
718,Chart_910,0.46510253261818973,0.6538919538105217
719,Chart_911,0.1718972030925253,0.39960686915017146
720,Chart_912,0.6472406798472174,0.511174280390873
721,Chart_913,0.505846467026237,0.597686596359236
722,Chart_915,0.5748304054990675,0.6403620554711349
723,Chart_916,0.5751745664323877,0.45719880550099146
724,Chart_918,0.17890457330345957,0.4501040375324733
725,Chart_921,0.7391874583056849,0.6845895821886436
726,Chart_926,0.4502599905552161,0.5637485355196785
727,Chart_928,0.45236695133029525,0.5419989172175397
728,Chart_929,0.4902712412422335,0.3530516895758761
729,Chart_930,0.6607105555917695,0.5658393714451916
730,Chart_931,0.5313641839805909,0.5477902800864951
731,Chart_934,0.8109384373978189,0.7026039833055939
732,Chart_935,0.34359976831479594,0.4875918817625962
733,Chart_936,0.4242624507379218,0.4724815647053197
734,Chart_937,0.2032646098990754,0.3494471601518662
735,Chart_938,0.43444222029997953,0.4488418765307391
736,Chart_939,0.5333931116562752,0.6436681772464948
737,Chart_942,0.21383270149120512,0.512232203666177
738,Chart_943,0.48911708015574745,0.47135502462838264
739,Chart_944,0.2884693573517115,0.39204934096535876
740,Chart_946,0.3856674322585712,0.36773023089898627
741,Chart_948,0.6094313620108023,0.7006305688821038
742,Chart_949,0.7465265505724379,0.6486144049539229
743,Chart_950,0.40682268290885626,0.4987261499137993
744,Chart_952,0.36832749954355976,0.4556173164412909
745,Chart_953,0.7684289300099256,0.5181781348120924
746,Chart_954,0.3299100166819097,0.395699907622443
747,Chart_955,0.5918811124772467,0.4549275442868603
